111010000
010000100
111000100
000000001
111001000
000000010
111001100
000000011
111010000
000000100
111010100
000000101
111000000
010000100
111000000
001001001
001010001
001011001
001100001
001101001
111010000
010000100
111000100
000000011
001000000
000000100
111000100
010000100
111111100
000000010
111011100
010000100
111001100
011100010
001100000
000000110
010100001
001011001
001000000
000000111
111000000
010000100
111000000
000000101
000000011
111010000
010000100
111001000
000000100
000011000
001100001
111010000
010000100
111001000
000000100
001000000
010000001
001100001
000000100
111100100
000000010
111010000
010000100
111000100
011100010
111010110
111000000
010000100
111010100
011100010
111000000
010000100
111010100
011001001
010111110
001110010
000000110
111000111
010110010
010000010
010000010
010000000
010000000
010000000
000000010
111001000
010000100
111000000
001000000
101000010
000000010
111000000
010000100
111000000
000000001
111010100
011001010
111000100
010000100
111011100
011111111
111010000
010000100
111010100
000000010
001000000
010000001
001010001
111000000
010000100
111000100
000000001
111101000
011001011
000001101
000000000
111010000
010000100
111001100
000000001
001000000
010000001
001001001
010110000
000000110
111101100
010000100
111001100
011001001
111000000
010000100
111000100
000000010
111001100
011010101
111100000
011001001
111010000
010000100
111010000
000000001
001000000
010000001
001001001
111100000
010000100
111000100
011000000
111000100
010000100
111111100
001000000
000000110
111001000
010000100
111000000
001000000
000000111
111000000
010000100
111000000
000000101
000000011
111000000
010000100
111010000
000000010
111001000
010000100
111100100
011010101
010110010
010000010
010000010
010000000
010000000
010000000
000000010
101000111
000000010
111000000
010000100
111000000
000000001
111010100
011010001
111000000
010000100
111111000
011000000
111010000
010000100
111010100
000000010
001000000
010000001
001010001
111001110
000010010
001010000
010000001
001010001
111000111
010101001
000000101
010110000
000000110
111110100
010000100
111000100
011000000
111000000
010000100
111000000
000000010
111100100
011011010
111010000
010000100
111010000
000000010
001000000
010000001
001010001
000000000
