111000000
010000100
000000111
111000000
010000100
010000101
010000101
000000110
111010100
010000100
111111000
011111110
001111000
000000010
010111001
000000111
001111000
000000011
010010110
101011000
000000100
010100010
010000010
000000001
001100111
101000001
000000100
010100010
000000101
001100011
101000101
000000100
111010001
010001100
000000001
111000101
000100000
001001001
010010100
010000110
010000010
000000110
010010110
010000010
010000010
010000010
101110000
101000011
000000110
010110010
010000010
000000001
001110111
101000001
000000110
010110010
000000001
001110011
101001000
000000101
111010001
010001100
000000001
111001001
000101000
001001001
010010100
010000110
010000010
010000010
000000100
010010100
010000000
010000000
010000000
010000110
010000010
010000010
010000010
101000100
000000100
010010000
010000110
010000010
010000010
101000100
000000100
010011100
010000000
010000110
010000010
010000010
101000100
000000100
010100010
000000101
001100011
101000101
000000100
111010001
010001100
000000001
111001101
000100000
001001001
111000001
010001100
010000101
010000101
000000110
111011100
010000100
111100000
011111110
111000001
111100000
010000100
111110100
011001110
001001001
001010111
000000110
010010000
010000000
010000000
010000110
010000010
010000010
101110000
000000110
010110010
000000001
001110011
101000001
000000001
010010000
010000110
010000010
010000010
010000010
101001000
000000001
001011011
101000001
000000001
010011010
010000010
101000001
000000100
111010001
010001100
000000001
111010001
000100000
001001001
111010001
010001100
000000001
111000101
001001000
000000100
111010001
010001100
000000001
111001001
001001000
000000101
101100101
000000100
111010001
010001100
000000001
111001101
001001000
000000101
101100101
000000100
111010001
010001100
000000001
111010001
001001000
000000101
101100101
000000100
101010011
000000101
010000110
000000110
010101100
010000110
101000110
000000101
010000010
010000010
000000110
001101111
101000110
000000101
010000010
000000110
001101011
101000110
101000100
000000100
111010001
010001100
000000001
111010101
000100000
001001001
010011000
010000100
000000101
010010010
010000010
010000010
001101010
010000010
010000000
000000101
111010001
010001100
000000001
111000101
001001000
001101010
000000101
111000001
111100000
010000100
111101100
011001110
111000001
010001100
010000101
010000101
000000110
111001100
010000100
111110000
011111110
010010010
010000100
010000000
000000110
111010001
010001100
000000001
111001001
001001000
010000100
001110010
000000110
001010011
010000000
010000000
010000000
001110010
000000110
111010001
010001100
000000001
111001101
001001000
010000000
010000000
001110010
000000110
111010001
010001100
000000001
111010001
001001000
010000000
001110010
000000110
000100000
101100110
000000110
000111001
010001101
010000101
000000001
000101000
001001001
010001111
000000001
000110000
001001001
010111001
000000111
111111101
010001100
111111100
000000001
000001110
111101100
010000100
111100100
011001110
000000000
