111000100
010000100
111111000
000000001
111010100
010000100
111101100
011001111
010111101
010000101
001000000
000000101
010111001
000000111
010111101
010000101
001000000
000000110
010111001
000000111
010110100
010000110
010000010
000000001
010110110
101000001
000000001
010000010
010000010
000000010
001001111
101000010
000000001
010000010
000000010
001001011
101000010
010000000
000000100
010101110
010000010
000000001
010110110
101000001
000000001
010000010
010000010
000000010
001001111
101000010
000000001
010000010
000000010
001001011
101000010
100000100
010000000
000000100
010101110
010000010
010000010
000000001
010101010
010000010
010000010
001000011
101000001
000000001
010110110
010000010
010000010
101000001
000000001
010110100
010000110
010000010
010000010
101000001
000000001
010000010
000000010
001001011
101000010
100000100
010000000
000000100
111000000
010000100
111010100
011000000
111101000
010000100
111001100
011000000
111000000
010000100
111010100
011000000
111010100
010000100
111111000
011000000
010101110
010000010
010000010
010000010
000000001
010101110
010000010
001000011
101000001
000000001
010101010
010000010
010000010
001000011
101000001
000000001
010110110
010000010
010000010
010000010
101000001
000000001
010110110
010000010
001000011
101000001
000000001
010110010
010000010
010000010
001000011
101000001
000000001
010110010
001000011
101000001
100000100
000000100
001110011
010000000
000000001
010101110
001000011
100000001
010000000
000000001
010101010
010000010
001000011
100000001
010000000
000000001
010101010
001000011
100000001
101000100
010000000
000000100
010101010
101000110
000000011
010011100
010000110
000000010
010011110
101000010
000000011
001011111
000000010
010011010
010000010
101000010
000000011
010011010
000000010
001011011
101000010
101000101
001000011
100100000
000000100
111000000
010000100
111010100
011000000
111100100
010000100
111110000
011000000
111000000
010000100
111010100
011000000
111010000
010000100
111011000
011000000
111000000
010000100
111000100
000000011
010100010
010000010
010000010
001000011
000000010
111000000
010000100
111000000
000000001
111001100
011001010
010011100
000000011
010100010
010000010
001000011
000000010
111000000
010000100
111000000
000000001
111010000
011001010
010011000
010000000
000000011
010100010
001000011
000000010
111000000
010000100
111000000
000000001
111001100
011001010
010011000
000000011
010100110
000000010
111000000
010000100
111000000
000000001
111011100
011001010
101011110
000000110
111000000
010000100
111001100
011000000
101011101
000000101
111000000
010000100
111010100
011000000
111101100
010000100
111010000
011000000
111000000
010000100
111010100
011000000
111010000
010000100
111010000
011000000
010110110
010000010
000000011
001100011
000000010
111000000
010000100
111000000
000000001
111000000
010000100
111100100
011001010
111010000
010000100
100000011
000000011
111000000
010000100
111111100
011000000
010100010
000000010
111000000
010000100
111000000
000000001
111000000
010000100
111010100
011001010
111100000
010000100
100000011
000000011
010111111
000000010
000011000
001010001
010110000
010000000
010000000
010000110
010000000
010000000
010000000
000000100
010101110
010000010
100000100
010000000
000000100
010101010
010000010
010000010
001000011
100000100
000000001
010111111
010000111
000000010
000001000
001010001
111101100
010000100
111001000
011000000
